% TRISPHERE_SUBDIV   Recursive subdivision of unit sphere triangulation.
%
%    [V,F] = TRISPHERE_SUBDIV(N) produces a triangulation of the unit sphere
%    with vertices V and faces F of size at least N by recursively subdividing a
%    base triangulation of size 320. The vertices of triangle I are V(:,F(:,I)).
%    The number of triangles on output can be 320, 1280, 5120, 20480, etc.

function [V,F] = trisphere_subdiv(n)

  % initialize
  V = [-1.000000000000000   0.000000000000000                   0
       -0.956625793988502  -0.147620904422163  -0.251147683352745
       -0.956625793988502   0.147620904422163  -0.251147683352745
       -0.956625793988502   0.147620904422163  -0.251147683352745
       -0.951056516295154  -0.309016994374947                   0
       -0.951056516295154   0.309016994374948                   0
       -0.951056516295154   0.309016994374948                   0
       -0.947213595499958  -0.162459848116453   0.276393202250021
       -0.947213595499958   0.162459848116453   0.276393202250021
       -0.894427190999916   0.000000000000000  -0.447213595499958
       -0.894427190999916   0.000000000000000  -0.447213595499958
       -0.861803398874989  -0.425325404176020  -0.276393202250021
       -0.861803398874989   0.425325404176020  -0.276393202250021
       -0.860695915143550  -0.442862713266489   0.251147683352745
       -0.860695915143550   0.442862713266490   0.251147683352745
       -0.860695915143550   0.442862713266490   0.251147683352745
       -0.850650808352040   0.000000000000000   0.525731112119134
       -0.831051952312130  -0.238855640805059  -0.502295366705489
       -0.831051952312130   0.238855640805060  -0.502295366705489
       -0.812730975721074  -0.295241808844326   0.502295366705489
       -0.812730975721074  -0.295241808844326   0.502295366705489
       -0.812730975721074   0.295241808844326   0.502295366705489
       -0.809016994374948  -0.587785252292473                   0
       -0.809016994374947   0.587785252292473                   0
       -0.753443050058234   0.000000000000000  -0.657513171213282
       -0.753443050058234   0.000000000000000  -0.657513171213281
       -0.723606797749979  -0.525731112119133   0.447213595499958
       -0.723606797749979   0.525731112119134   0.447213595499958
       -0.688190960235587  -0.500000000000000  -0.525731112119134
       -0.688190960235587   0.500000000000000  -0.525731112119134
       -0.687157134044702  -0.681718354071549   0.251147683352745
       -0.687157134044701   0.681718354071549   0.251147683352745
       -0.670820393249937  -0.688190960235587  -0.276393202250021
       -0.670820393249937  -0.162459848116453   0.723606797749979
       -0.670820393249937   0.162459848116453   0.723606797749979
       -0.670820393249937   0.688190960235587  -0.276393202250021
       -0.638196601125011  -0.262865556059567  -0.723606797749979
       -0.638196601125011   0.262865556059567  -0.723606797749979
       -0.609548231790805  -0.442862713266489   0.657513171213282
       -0.609548231790805   0.442862713266490   0.657513171213282
       -0.587785252292473  -0.809016994374947                   0
       -0.587785252292473  -0.809016994374947                   0
       -0.587785252292473   0.809016994374948                   0
       -0.531939329536909  -0.681718354071549   0.502295366705489
       -0.531939329536909   0.681718354071549   0.502295366705489
       -0.525731112119134   0.000000000000000  -0.850650808352040
       -0.525731112119134   0.000000000000000  -0.850650808352040
       -0.483974390114433  -0.716566922415179  -0.502295366705489
       -0.483974390114433   0.716566922415179  -0.502295366705489
       -0.447213595499958  -0.850650808352040   0.276393202250021
       -0.447213595499958  -0.525731112119133  -0.723606797749979
       -0.447213595499958   0.000000000000000   0.894427190999916
       -0.447213595499958   0.525731112119134  -0.723606797749979
       -0.447213595499958   0.850650808352040   0.276393202250021
       -0.436009450691957  -0.864187826837342  -0.251147683352745
       -0.436009450691957  -0.864187826837342  -0.251147683352745
       -0.436009450691957   0.864187826837342  -0.251147683352745
       -0.425325404176020  -0.309016994374947   0.850650808352040
       -0.425325404176020   0.309016994374948   0.850650808352040
       -0.361803398874990  -0.262865556059567  -0.894427190999916
       -0.361803398874990  -0.587785252292473   0.723606797749979
       -0.361803398874990   0.262865556059567  -0.894427190999916
       -0.361803398874989   0.587785252292473   0.723606797749979
       -0.309016994374948  -0.951056516295153                   0
       -0.309016994374947   0.951056516295154                   0
       -0.276393202250021  -0.850650808352040  -0.447213595499958
       -0.276393202250021   0.850650808352040  -0.447213595499958
       -0.262865556059567  -0.809016994374947   0.525731112119134
       -0.262865556059567   0.809016994374947   0.525731112119134
       -0.251147683352745   0.000000000000000  -0.967948780228866
       -0.251147683352745   0.000000000000000  -0.967948780228866
       -0.232826706761689  -0.716566922415179  -0.657513171213282
       -0.232826706761688  -0.716566922415179  -0.657513171213282
       -0.232826706761688   0.716566922415179  -0.657513171213281
       -0.232826706761688   0.716566922415179  -0.657513171213281
       -0.203182743930269  -0.147620904422163   0.967948780228866
       -0.203182743930268   0.147620904422163   0.967948780228866
       -0.203182743930268   0.147620904422163   0.967948780228866
       -0.162459848116453  -0.500000000000000  -0.850650808352040
       -0.162459848116453   0.500000000000000  -0.850650808352040
       -0.162459848116453   0.500000000000000  -0.850650808352040
       -0.155217804507792  -0.955422563220238  -0.251147683352745
       -0.155217804507792   0.955422563220238  -0.251147683352745
       -0.138196601125011  -0.951056516295154   0.276393202250021
       -0.138196601125011  -0.425325404176020   0.894427190999916
       -0.138196601125011   0.425325404176020   0.894427190999916
       -0.138196601125010   0.951056516295154   0.276393202250021
       -0.077608902253896  -0.238855640805060  -0.967948780228866
       -0.077608902253896  -0.238855640805060  -0.967948780228866
       -0.077608902253896   0.238855640805060  -0.967948780228866
       -0.052786404500042  -0.688190960235587   0.723606797749979
       -0.052786404500042   0.688190960235587   0.723606797749979
       -0.029643962831420  -0.864187826837342  -0.502295366705489
       -0.029643962831420  -0.864187826837342  -0.502295366705489
       -0.029643962831420   0.864187826837342  -0.502295366705489
       -0.029643962831420   0.864187826837342  -0.502295366705489
       -0.000000000000000  -1.000000000000000                   0
                        0                   0  -1.000000000000000
                        0                   0   1.000000000000000
        0.000000000000000   1.000000000000000                   0
        0.029643962831420  -0.864187826837342   0.502295366705489
        0.029643962831420  -0.864187826837342   0.502295366705489
        0.029643962831420   0.864187826837342   0.502295366705489
        0.029643962831420   0.864187826837342   0.502295366705489
        0.052786404500042  -0.688190960235587  -0.723606797749979
        0.052786404500042   0.688190960235587  -0.723606797749979
        0.077608902253896  -0.238855640805060   0.967948780228866
        0.077608902253896   0.238855640805060   0.967948780228866
        0.077608902253896   0.238855640805060   0.967948780228866
        0.138196601125010  -0.951056516295154  -0.276393202250021
        0.138196601125010  -0.425325404176020  -0.894427190999916
        0.138196601125011   0.425325404176020  -0.894427190999916
        0.138196601125011   0.951056516295153  -0.276393202250021
        0.155217804507792  -0.955422563220238   0.251147683352745
